> print("A =")
[1] "A ="
> print(A)
     [,1] [,2] [,3] [,4]
[1,]   17    5    2    1
[2,]    1    3    3    4
[3,]    9    1    1    4
[4,]    7    1    5    4
> print("B =")
[1] "B ="
> print(B)
     [,1] [,2] [,3] [,4]
[1,]    5    4    1    3
[2,]    1    4    7    7
[3,]    2    7    2    4
[4,]    4    4    2    8
> print("A*B =")
[1] "A*B ="
> print(A %*% B)
     [,1] [,2] [,3] [,4]
[1,]   98  106   58  102
[2,]   30   53   36   68
[3,]   64   63   26   70
[4,]   62   83   32   80
> print("B*A =")
[1] "B*A ="
> print(B %*% A)
     [,1] [,2] [,3] [,4]
[1,]  119   41   38   37
[2,]  133   31   56   73
[3,]   87   37   47   54
[4,]  146   42   62   60